MOB_VNUM	COUNT
131	22400
132	8960
133	39040
134	10240
135	28800
138	13440
139	24640
140	16800
141	28000
143	16800
301	516549
302	344366
331	432
332	431.281
333	430.565
334	429.851
401	923554
402	1.20405e+06
403	1.08712e+06
404	478827
405	369101
406	187420
431	429.139
432	428.43
433	427.723
434	427.018
435	426.316
436	425.616
451	126314
453	708122
454	708122
455	276474
456	276474
491	436.33
492	441.869
493	439.552
494	468.352
501	1.32532e+06
502	1.86191e+06
503	330207
504	220423
531	884.907
532	882.751
533	880.608
534	878.478
551	418299
552	418299
553	329352
554	329352
591	427.469
601	790.249
602	17035.8
603	17032.7
604	17029.6
631	190458
632	275503
633	209340
634	141682
635	82451.6
636	101220
637	34065.2
651	49538.9
652	40459.8
653	49538.9
654	48386.4
655	48386.4
656	99412.3
657	51025.9
691	48
701	120695
702	189664
703	64446.6
704	106282
705	89040.1
706	38160
707	12720
731	55104
732	84864
733	34176
734	25728
735	30318.9
736	35794.3
737	35818.3
751	51726.6
752	17242.2
753	12720
754	12720
755	12720
756	12720
757	12720
771	8448
772	8448
773	6432
774	25344
775	19296
776	35794.3
777	35794.3
791	12
901	76525.7
902	136594
903	81874.3
904	76320
905	94371.4
906	78582.9
907	33840
931	12754.3
932	12754.3
933	49165.7
934	10902.9
935	16920
936	32708.6
937	16920
1001	35520
1002	48960
1003	22080
1004	3840
1031	3840
1032	960
1101	95684.6
1102	84193.7
1103	125902
1104	186394
1105	348199
1106	365172
1107	118104
1131	447120
1132	406800
1133	347040
1134	311760
1135	347040
1136	533520
1137	375120
1171	150321
1192	8
1301	88868.6
1302	70944
1303	71588.6
1304	12
1305	28104
1332	24840
1401	207888
1402	74476.8
1403	33868.8
1501	65520
1502	74520
1503	22680
1601	241757
1602	209357
1603	74476.8
1901	12
2001	383246
2002	413794
2003	423607
2004	265971
2005	64535.5
2031	44640
2032	57960
2033	63720
2034	56267.2
2035	21600
2036	12960
2051	191623
2052	191623
2053	222171
2054	222171
2061	298440
2062	292392
2063	230400
2064	300456
2065	238680
2071	335160
2072	585720
2073	644760
2074	480600
2075	137520
2091	53.6104
2102	383246
2103	796158
2104	377974
2105	205750
2106	308995
2107	153204
2108	21535.8
2131	21511.8
2132	298440
2133	442872
2134	220464
2135	81072
2136	576576
2137	319752
2138	45360
2158	265971
2191	12
2201	660480
2202	502608
2203	603840
2204	492096
2205	234912
2206	96
2301	915840
2302	499440
2303	407616
2304	251832
2305	173760
2306	192
2311	691200
2312	626088
2313	406704
2314	270276
2315	114912
2401	3.16142e+06
2402	1.96251e+06
2403	745509
2404	51840
2411	1.25131e+06
2412	451860
2413	449223
2414	170734
2491	240
2501	614880
2502	542160
2503	312000
2504	125760
2505	34560
3001	362400
3002	969312
3003	616416
3004	273744
3005	91296
3090	24
3091	24
3101	321600
3102	871392
3103	537216
3104	175824
3105	58656
3190	24
3191	24
3201	144000
3202	367872
3203	220896
3204	70704
3205	23616
3290	24
3291	24
3301	400800
3302	1.06531e+06
3303	662496
3304	273744
3305	92256
3390	24
3391	24
3401	206400
3402	454272
3403	259296
3404	105264
3405	35136
3490	24
3491	24
3501	271200
3502	1.59917e+06
3503	1.19246e+06
3504	325656
3505	108624
3551	242400
3552	632352
3553	387936
3554	139824
3555	46656
3590	48
3591	24
3595	24
3596	24
3601	151200
3602	339552
3603	194016
3604	72144
3605	24096
3690	24
3691	24
3701	508800
3702	1.01203e+06
3703	528096
3704	165744
3705	55296
3790	24
3791	24
3801	204000
3802	643872
3803	424416
3804	149904
3805	50016
3890	24
3891	24
3904	1440
3905	1440
3906	1440
3907	2880
3908	2880
3909	1440
3910	1440
3911	24
3912	24
3913	24
5101	516288
5102	195840
5103	331872
5104	136896
5111	223560
5112	90720
5113	122280
5114	116784
5115	26376
5121	164808
5122	42552
5123	128016
5124	66816
5125	11616
5126	5808
5151	29160
5152	29160
5153	32832
5154	32832
5155	43632
5156	43632
5161	96
5162	48
5163	48
8005	871.2
8006	1035.27
8007	1056.93
8008	322.362
8009	334.338
8010	148.703
8011	98.8235
8013	157.074
8014	192.503
8015	86.4
8024	70.6938
8025	71.04
8026	47.3425
8027	47.04
8031	4320
8032	4320
8033	4320
8034	4320
8051	194.898
8052	327.879
8053	132.981
8054	183.805
8055	194.898
8056	277.056
9001	5760
9002	5760
9003	5760
9005	5760
9006	4320
9009	1440
9012	15840
10002	1440
10004	1440
10006	1440
10007	2880
10008	2880
10009	2880
10010	2880
10011	2880
10012	2880
10013	1440
10014	1440
10015	1440
10016	1440
10020	1440
10022	1440
10024	1440
10025	1440
10026	1440
10027	1440
10028	1440
10029	1440
10030	1440
10031	1440
10032	1440
10067	1440
10069	1440
10070	1440
10071	1440
10072	1440
10073	1440
10074	1440
10075	1440
10076	1440
10079	1440
10080	1440
10097	1440
10098	1440
10100	1440
10101	1440
10102	1440
10103	1440
10104	1440
10105	1440
10501	2880
10502	2880
10503	2880
10504	2880
10505	2880
10506	2880
10507	2880
10508	2880
10509	2880
10510	2880
10511	2880
10512	2880
10513	2880
10514	2880
10515	2880
10516	2880
10517	2880
10518	2880
10519	2880
10520	2880
10521	2880
10522	2880
10523	2880
10524	1440
10601	1440
10602	1440
10603	1440
10604	1440
10605	1440
10606	1440
10607	1440
10608	1440
10609	1440
10610	1440
10611	1440
10612	1440
10613	1440
10614	1440
10615	1440
10616	1440
10617	1440
10618	1440
10619	1440
10620	1440
10621	1440
10622	1440
10623	1440
10624	1440
10625	1440
10626	1440
10701	1440
10702	1440
10703	1440
10704	1440
10705	1440
10706	1440
10707	1440
10708	1440
10709	1440
10710	1440
10711	1440
10712	1440
10713	1440
10714	1440
10715	1440
10716	1440
10717	1440
10718	1440
10719	1440
10720	1440
10721	1440
10722	1440
10723	1440
10724	1440
10725	1440
10726	1440
11000	1440
11001	1440
11002	1440
11003	1440
11004	1440
11005	1440
20001	1440
20004	1440
20009	4320
20010	5760
20012	4320
20014	4320
20015	4320
20016	5760
20017	5760
20019	4320
20020	4320
20021	4320
20022	4320
20024	4320
20025	33120
20029	11520
20030	11520
20042	4320
20047	636.683
20049	157.267
20050	157.267
20051	157.267
20052	326.203
20053	326.203
20054	476.557
20055	371.582
20056	371.582
20057	368.526
20058	310.479
20059	310.479
20088	1440
20089	1440
20090	1440
20091	1440
20093	1440
20097	7200
20098	7200
20099	7200
20348	1440
20349	5760
20352	2880
20353	1440
20356	1440
20359	4320
20360	1440
20361	1440
20362	1440
20363	1440
20364	4320
20365	1440
20367	1440
20369	1440
20370	1440
20371	1440
20372	1440
20373	27360
20374	2880
20375	11520
20377	1440
20378	1440
20379	1440
20380	1440
20381	1440
20382	1440
20383	1440
20391	1440
20392	1440
20393	1440
20394	1440
20395	1440
20408	1440
20413	1440
20419	1440
30101	8640
30121	2880
30122	1440
30123	1440
30124	2880
30125	2880
30126	1440
30127	1440
30128	1440
30130	1440
30301	107.833
30302	107.833
30303	107.833
30304	107.833
30305	107.833
30308	5760
60003	1440
