MOB_VNUM	COUNT
101	4.65264e+06
102	1.944e+06
103	324000
104	3.0816e+06
105	831360
106	1.05792e+06
107	373200
108	893440
109	554240
110	881600
111	705280
112	298560
113	573840
114	447840
115	459072
136	460.8
138	445.091
142	432
144	420.923
151	1293.85
152	1287.42
153	1281.06
154	1274.76
155	1268.52
171	4.00464e+06
172	972000
173	2.82096e+06
174	2.82096e+06
175	415680
176	415680
177	415680
178	944640
179	944640
180	752880
181	752880
182	223920
183	223920
184	344304
185	344304
191	230.4
192	222.545
193	216
194	210.462
301	487224
302	356889
303	115462
304	181270
351	151848
352	151848
354	23328
391	23328
392	23328
393	23795.3
394	442.876
395	44568
396	44568
397	23328
398	23328
8001	293.201
8002	294.056
8003	880.478
8004	152.824
8005	143.564
9001	4320
9002	4320
9003	4320
9005	4320
9006	4320
9009	36000
9011	inf
9012	17280
10001	1440
10003	1440
10005	1440
11000	1440
11001	1440
11002	1440
11003	1440
11004	1440
11005	1440
11100	17280
11101	17280
11102	17280
11103	17280
11104	17280
11105	17280
11106	6480
11107	6480
11108	6480
11109	9720
11110	6480
11111	3240
20001	4320
20002	4320
20003	4320
20005	4320
20006	4320
20008	4320
20009	4320
20011	4320
20016	4320
20018	4320
20023	4320
20025	4320
20029	8640
20030	8640
20041	4320
20047	334.967
20049	334.967
20050	334.967
20051	334.967
20052	334.967
20084	4320
20086	4320
20087	4320
20095	4320
20300	1440
20301	1440
20302	1440
20303	1440
20304	1440
20305	1440
20306	1440
20307	1440
20320	1440
20321	1440
20322	1440
20323	1440
20324	1440
20325	1440
20326	1440
20327	1440
20340	1440
20341	1440
20342	1440
20343	1440
20344	1440
20345	1440
20346	1440
20347	1440
20349	4320
20351	inf
20354	4320
20355	4320
20357	4320
20358	5760
20421	4320
20429	4320
20503	4320
20504	4320
30308	4320
60003	4320
